        1958.21         315.71
        1958.29         317.45
        1958.38          317.5
        1958.46          317.1
        1958.54         315.86
        1958.62         314.93
        1958.71          313.2
        1958.79         312.66
        1958.88         313.33
        1958.96         314.67
        1959.04         315.62
        1959.12         316.38
        1959.21         316.71
        1959.29         317.72
        1959.38         318.29
        1959.46         318.15
        1959.54         316.54
        1959.62          314.8
        1959.71         313.84
        1959.79         313.26
        1959.88          314.8
        1959.96         315.58
        1960.04         316.43
        1960.12         316.97
        1960.21         317.58
        1960.29         319.02
        1960.38         320.03
        1960.46         319.59
        1960.54         318.18
        1960.62         315.91
        1960.71         314.16
        1960.79         313.83
        1960.88            315
        1960.96         316.19
        1961.04         316.93
        1961.12          317.7
        1961.21         318.54
        1961.29         319.48
        1961.38         320.58
        1961.46         319.77
        1961.54         318.57
        1961.62         316.79
        1961.71          314.8
        1961.79         315.38
        1961.88          316.1
        1961.96         317.01
        1962.04         317.94
        1962.12         318.56
        1962.21         319.68
        1962.29         320.63
        1962.38         321.01
        1962.46         320.55
        1962.54         319.58
        1962.62          317.4
        1962.71         316.26
        1962.79         315.42
        1962.88         316.69
        1962.96         317.69
        1963.04         318.74
        1963.12         319.08
        1963.21         319.86
        1963.29         321.39
        1963.38         322.25
        1963.46         321.47
        1963.54         319.74
        1963.62         317.77
        1963.71         316.21
        1963.79         315.99
        1963.88         317.12
        1963.96         318.31
        1964.04         319.57
        1964.12         320.07
        1964.21         320.73
        1964.29         321.77
        1964.38         322.25
        1964.46         321.89
        1964.54         320.44
        1964.62          318.7
        1964.71          316.7
        1964.79         316.79
        1964.88         317.79
        1964.96         318.71
        1965.04         319.44
        1965.12         320.44
        1965.21         320.89
        1965.29         322.13
        1965.38         322.16
        1965.46         321.87
        1965.54         321.39
        1965.62         318.81
        1965.71         317.81
        1965.79          317.3
        1965.88         318.87
        1965.96         319.42
        1966.04         320.62
        1966.12         321.59
        1966.21         322.39
        1966.29         323.87
        1966.38         324.01
        1966.46         323.75
        1966.54         322.39
        1966.62         320.37
        1966.71         318.64
        1966.79          318.1
        1966.88         319.79
        1966.96         321.08
        1967.04         322.07
        1967.12          322.5
        1967.21         323.04
        1967.29         324.42
        1967.38            325
        1967.46         324.09
        1967.54         322.55
        1967.62         320.92
        1967.71         319.31
        1967.79         319.31
        1967.88         320.72
        1967.96         321.96
        1968.04         322.57
        1968.12         323.15
        1968.21         323.89
        1968.29         325.02
        1968.38         325.57
        1968.46         325.36
        1968.54         324.14
        1968.62         322.03
        1968.71         320.41
        1968.79         320.25
        1968.88         321.31
        1968.96         322.84
        1969.04            324
        1969.12         324.42
        1969.21         325.64
        1969.29         326.66
        1969.38         327.34
        1969.46         326.76
        1969.54         325.88
        1969.62         323.67
        1969.71         322.38
        1969.79         321.78
        1969.88         322.85
        1969.96         324.11
        1970.04         325.03
        1970.12         325.99
        1970.21         326.87
        1970.29         328.13
        1970.38         328.07
        1970.46         327.66
        1970.54         326.35
        1970.62         324.69
        1970.71          323.1
        1970.79         323.16
        1970.88         323.98
        1970.96         325.13
        1971.04         326.17
        1971.12         326.68
        1971.21         327.18
        1971.29         327.78
        1971.38         328.92
        1971.46         328.57
        1971.54         327.34
        1971.62         325.46
        1971.71         323.36
        1971.79         323.57
        1971.88          324.8
        1971.96         326.01
        1972.04         326.77
        1972.12         327.63
        1972.21         327.75
        1972.29         329.72
        1972.38         330.07
        1972.46         329.09
        1972.54         328.05
        1972.62         326.32
        1972.71         324.93
        1972.79         325.06
        1972.88          326.5
        1972.96         327.55
        1973.04         328.54
        1973.12         329.56
        1973.21          330.3
        1973.29          331.5
        1973.38         332.48
        1973.46         332.07
        1973.54         330.87
        1973.62         329.31
        1973.71         327.51
        1973.79         327.18
        1973.88         328.16
        1973.96         328.64
        1974.04         329.35
        1974.12         330.71
        1974.21         331.48
        1974.29         332.65
        1974.38          333.2
        1974.46         332.16
        1974.54         331.07
        1974.62         329.12
        1974.71         327.32
        1974.79         327.28
        1974.88          328.3
        1974.96         329.58
        1975.04         330.73
        1975.12         331.46
        1975.21          331.9
        1975.29         333.17
        1975.38         333.94
        1975.46         333.45
        1975.54         331.98
        1975.62         329.95
        1975.71          328.5
        1975.79         328.34
        1975.88         329.37
        1975.96         330.58
        1976.04         331.59
        1976.12         332.75
        1976.21         333.52
        1976.29         334.64
        1976.38         334.77
        1976.46            334
        1976.54         333.06
        1976.62         330.68
        1976.71         328.95
        1976.79         328.75
        1976.88         330.15
        1976.96         331.63
        1977.04         332.66
        1977.12         333.13
        1977.21         334.95
        1977.29         336.13
        1977.38         336.93
        1977.46         336.16
        1977.54         334.88
        1977.62         332.56
        1977.71         331.29
        1977.79         331.27
        1977.88         332.41
        1977.96          333.6
        1978.04         334.95
        1978.12         335.25
        1978.21         336.66
        1978.29         337.69
        1978.38         338.03
        1978.46         338.01
        1978.54          336.4
        1978.62         334.41
        1978.71         332.37
        1978.79         332.41
        1978.88         333.75
        1978.96          334.9
        1979.04         336.14
        1979.12         336.69
        1979.21         338.27
        1979.29         338.95
        1979.38         339.21
        1979.46         339.26
        1979.54         337.54
        1979.62         335.75
        1979.71         333.98
        1979.79         334.19
        1979.88         335.31
        1979.96         336.81
        1980.04          337.9
        1980.12         338.34
        1980.21         340.01
        1980.29         340.93
        1980.38         341.48
        1980.46         341.33
        1980.54          339.4
        1980.62          337.7
        1980.71         336.19
        1980.79         336.15
        1980.88         337.27
        1980.96         338.32
        1981.04         339.29
        1981.12         340.55
        1981.21         341.61
        1981.29         342.53
        1981.38         343.04
        1981.46         342.54
        1981.54         340.78
        1981.62         338.44
        1981.71         336.95
        1981.79         337.08
        1981.88         338.58
        1981.96         339.88
        1982.04         340.96
        1982.12         341.73
        1982.21         342.82
        1982.29         343.97
        1982.38         344.63
        1982.46         343.79
        1982.54         342.32
        1982.62         340.09
        1982.71         338.28
        1982.79         338.29
        1982.88          339.6
        1982.96          340.9
        1983.04         341.68
        1983.12          342.9
        1983.21         343.33
        1983.29         345.25
        1983.38         346.03
        1983.46         345.63
        1983.54         344.19
        1983.62         342.27
        1983.71         340.35
        1983.79         340.38
        1983.88         341.59
        1983.96         343.05
        1984.04          344.1
        1984.12         344.79
        1984.21         345.52
        1984.29         346.84
        1984.38         347.63
        1984.46         346.97
        1984.54         345.53
        1984.62         343.55
        1984.71          341.4
        1984.79         341.67
        1984.88          343.1
        1984.96          344.7
        1985.04         345.21
        1985.12         346.16
        1985.21         347.74
        1985.29         348.34
        1985.38         349.06
        1985.46         348.38
        1985.54         346.72
        1985.62         345.02
        1985.71         343.27
        1985.79         343.13
        1985.88         344.49
        1985.96         345.88
        1986.04         346.56
        1986.12         347.28
        1986.21         348.01
        1986.29         349.77
        1986.38         350.38
        1986.46         349.93
        1986.54         348.16
        1986.62         346.08
        1986.71         345.22
        1986.79         344.51
        1986.88         345.93
        1986.96         347.21
        1987.04         348.52
        1987.12         348.73
        1987.21         349.73
        1987.29         351.31
        1987.38         352.09
        1987.46         351.53
        1987.54         350.11
        1987.62         348.08
        1987.71         346.52
        1987.79         346.59
        1987.88         347.96
        1987.96         349.16
        1988.04         350.39
        1988.12         351.64
        1988.21         352.41
        1988.29         353.69
        1988.38         354.21
        1988.46         353.72
        1988.54         352.69
        1988.62          350.4
        1988.71         348.92
        1988.79         349.13
        1988.88          350.2
        1988.96         351.41
        1989.04         352.91
        1989.12         353.27
        1989.21         353.96
        1989.29         355.64
        1989.38         355.86
        1989.46         355.37
        1989.54         353.99
        1989.62         351.81
        1989.71         350.05
        1989.79         350.25
        1989.88         351.49
        1989.96         352.85
        1990.04          353.8
        1990.12         355.04
        1990.21         355.73
        1990.29         356.32
        1990.38         357.32
        1990.46         356.34
        1990.54         354.84
        1990.62         353.01
        1990.71         351.31
        1990.79         351.62
        1990.88         353.07
        1990.96         354.33
        1991.04         354.84
        1991.12         355.73
        1991.21         357.23
        1991.29         358.66
        1991.38         359.13
        1991.46         358.13
        1991.54         356.19
        1991.62         353.85
        1991.71         352.25
        1991.79         352.35
        1991.88         353.81
        1991.96         355.12
        1992.04         356.25
        1992.12         357.11
        1992.21         357.86
        1992.29         359.09
        1992.38         359.59
        1992.46         359.33
        1992.54         357.01
        1992.62         354.94
        1992.71         352.96
        1992.79         353.32
        1992.88         354.32
        1992.96         355.57
        1993.04            357
        1993.12         357.31
        1993.21         358.47
        1993.29         359.27
        1993.38         360.19
        1993.46         359.52
        1993.54         357.33
        1993.62         355.64
        1993.71         354.03
        1993.79         354.12
        1993.88         355.41
        1993.96         356.91
        1994.04         358.24
        1994.12         358.92
        1994.21         359.99
        1994.29         361.23
        1994.38         361.65
        1994.46         360.81
        1994.54         359.38
        1994.62         357.46
        1994.71         355.73
        1994.79         356.08
        1994.88         357.53
        1994.96         358.98
        1995.04         359.92
        1995.12         360.86
        1995.21         361.83
        1995.29          363.3
        1995.38         363.69
        1995.46         363.19
        1995.54         361.64
        1995.62         359.12
        1995.71         358.17
        1995.79         357.99
        1995.88         359.45
        1995.96         360.68
        1996.04         362.07
        1996.12         363.24
        1996.21         364.17
        1996.29         364.57
        1996.38         365.13
        1996.46         364.92
        1996.54         363.55
        1996.62         361.38
        1996.71         359.54
        1996.79         359.58
        1996.88         360.89
        1996.96         362.25
        1997.04         363.09
        1997.12         364.03
        1997.21         364.51
        1997.29         366.35
        1997.38         366.64
        1997.46         365.59
        1997.54         364.31
        1997.62         362.25
        1997.71         360.29
        1997.79         360.82
        1997.88         362.49
        1997.96         364.38
        1998.04         365.26
        1998.12         365.98
        1998.21         367.24
        1998.29         368.66
        1998.38         369.42
        1998.46         368.99
        1998.54         367.82
        1998.62         365.95
        1998.71         364.02
        1998.79          364.4
        1998.88         365.52
        1998.96         367.13
        1999.04         368.18
        1999.12         369.07
        1999.21         369.68
        1999.29         370.99
        1999.38         370.96
        1999.46          370.3
        1999.54         369.45
        1999.62          366.9
        1999.71         364.81
        1999.79         365.37
        1999.88         366.72
        1999.96          368.1
        2000.04         369.29
        2000.12         369.54
        2000.21          370.6
        2000.29         371.82
        2000.38         371.58
        2000.46          371.7
        2000.54         369.86
        2000.62         368.13
        2000.71            367
        2000.79         367.03
        2000.88         368.37
        2000.96         369.67
        2001.04         370.59
        2001.12         371.51
        2001.21         372.43
        2001.29         373.37
        2001.38         373.85
        2001.46         373.21
        2001.54         371.51
        2001.62         369.61
        2001.71         368.18
        2001.79         368.45
        2001.88         369.76
        2001.96         371.24
        2002.04         372.53
        2002.12          373.2
        2002.21         374.12
        2002.29         375.02
        2002.38         375.76
        2002.46         375.52
        2002.54         374.01
        2002.62         371.85
        2002.71         370.75
        2002.79         370.55
        2002.88         372.25
        2002.96         373.79
        2003.04         374.88
        2003.12         375.64
        2003.21         376.46
        2003.29         377.73
        2003.38          378.6
        2003.46         378.28
        2003.54          376.7
        2003.62         374.38
        2003.71         373.17
        2003.79         373.15
        2003.88         374.66
        2003.96         375.99
