 0.1 1.4972 0.583483 0.631131 0.313572
 0.277978 1.04314 0.622723 1.14264 0.284513
 0.451752 0.772673 1.01932 0.649349 0.266731
 0.730631 0.739039 1.2996 1.06837 0.228942
 0.270971 1.47898 1.47758 0.98989 0.306425
 0.392893 0.503604 0.61992 1.38509 0.263339
 0.157457 0.597497 0.261161 0.776877 0.296678
 1.06136 0.454555 0.46997 0.748849 0.197552
 1.37528 0.154655 1.26176 0.350851 0.170705
 0.761461 0.568068 1.34164 0.959059 0.220526
 0.614314 1.05716 0.163063 1.36406 0.247595
 0.123824 1.27437 1.18048 1.21131 0.308292
 1.28418 0.643744 1.14264 0.331231 0.187556
 0.147648 0.898799 0.105606 0.701201 0.302495
 0.17007 0.9002 0.472773 0.586286 0.300711
 1.3977 0.350851 1.20851 0.603103 0.169912
 1.05295 0.277978 0.199499 1.26737 0.190144
 0.115415 0.286386 0.84975 0.988488 0.304869
 0.612913 1.08098 1.24775 0.182683 0.255604
 0.18969 0.907207 0.636737 0.98008 0.296137
 0.664765 1.27718 1.04595 0.258358 0.253472
 1.07958 0.453153 0.350851 1.30801 0.189541
 0.938038 0.734835 0.601702 1.41031 0.206077
 1.40891 1.46777 1.06977 0.873574 0.196779
 1.04595 1.00531 0.723624 0.345245 0.218225
 0.273774 0.713814 1.1034 0.851151 0.28708
 0.224725 1.13143 1.45235 1.21692 0.297592
 1.02352 0.33964 1.07257 1.21552 0.198012
 0.775475 1.14404 0.757257 1.08939 0.234372
 1.11041 0.488188 0.251351 0.945045 0.197337
 0.975876 0.11962 0.541441 0.684384 0.19905
 1.2029 0.276577 1.32062 1.4986 0.170136
 0.453153 1.13283 1.301 0.534434 0.283743
 0.158859 1.32763 0.280781 1.42152 0.306391
 1.35005 0.994094 0.228929 0.228929 0.1923
 1.0992 0.967467 0.939439 0.16026 0.211583
 0.994094 1.35005 0.880581 1.47477 0.212348
 0.793694 0.781081 1.46637 0.464364 0.222216
 1.49299 0.510611 1.14825 0.130831 0.168273
 0.576476 0.754454 0.873574 1.09079 0.246185
 0.433534 0.762863 0.638138 0.151852 0.272878
 0.63954 0.137838 0.762863 1.18328 0.229142
 0.973073 1.39489 1.27297 1.10621 0.226981
 1.18749 1.42292 0.981481 1.06697 0.205763
 1.38929 1.21552 0.797898 0.223323 0.191121
 0.196697 0.462963 1.37668 0.142042 0.290909
 0.991291 1.1959 1.13704 1.32482 0.21507
 1.43834 1.35706 0.950651 1.41451 0.184127
 0.465766 1.23934 0.973073 1.48318 0.274309
 0.691391 0.139239 0.102803 1.1034 0.217402
 1.20991 0.748849 0.631131 0.984284 0.190573
 0.76006 1.23654 1.06837 0.671772 0.241562
 0.418118 1.0978 0.778278 0.77968 0.281814
 0.471371 0.128028 1.03754 1.13003 0.250476
 0.568068 0.761461 0.341041 1.16366 0.25275
 0.33964 1.23794 0.104204 0.17988 0.298851
 1.1959 0.991291 0.348048 1.21972 0.196255
 1.37107 1.27578 0.217718 0.996897 0.198144
 0.182683 0.537237 0.725025 0.502202 0.297807
 0.181281 0.67037 0.426527 0.46997 0.299624
 1.38088 1.44535 0.649349 0.792292 0.197887
 0.412513 1.06557 1.18609 1.00951 0.277574
 0.818919 1.45095 1.2043 0.24995 0.240281
 0.521822 1.2043 1.45095 0.318619 0.267587
 1.48458 0.315816 0.925425 0.402703 0.160154
 0.785285 0.144845 0.654955 1.47758 0.208959
 0.46016 0.296196 0.751652 0.290591 0.263359
 0.221922 1.24635 1.13564 0.465766 0.306904
 0.343844 1.40611 0.165866 0.324224 0.288199
 0.200901 0.430731 1.42853 1.05996 0.279136
 0.800701 0.667568 0.998298 0.381682 0.231808
 1.2982 0.108408 0.101401 0.647948 0.174245
 0.476977 1.22673 0.212112 0.601702 0.277634
 1.41592 0.404104 0.48959 0.995495 0.162574
 0.85956 0.622723 0.788088 1.1987 0.217667
 1.05155 1.17768 0.172873 1.37948 0.206597
 0.572272 0.122422 1.32763 0.325626 0.241104
 0.164464 0.301802 0.413914 0.343844 0.28474
 1.2015 1.19169 1.0992 0.24014 0.209234
 0.776877 1.2968 0.966066 0.785285 0.239554
 0.904404 0.938038 0.614314 1.06276 0.221021
 0.266767 0.467167 0.914214 1.34444 0.283164
 0.468569 0.505005 1.09499 1.43834 0.265537
 0.767067 0.308809 0.817517 0.91001 0.211836
 1.34164 1.04174 1.35425 0.481181 0.190892
 0.953453 0.605906 1.45375 0.565265 0.209264
 1.16366 0.24995 0.524625 0.949249 0.181054
 1.15245 0.83013 0.402703 1.28278 0.196871
 0.268168 1.43133 0.328428 0.397097 0.307671
 0.32983 0.895996 1.26737 0.199499 0.285077
 0.341041 0.234535 0.790891 0.495195 0.266721
 0.467167 0.855355 1.37107 1.49299 0.26005
 0.561061 0.185485 1.17347 0.307407 0.236304
 1.01792 0.360661 0.949249 0.524625 0.1914
 0.945045 0.486787 1.27858 0.545646 0.199776
 1.16927 0.207908 1.48739 1.39069 0.172758
 0.649349 0.497998 1.18749 0.645145 0.244151
 1.30661 0.121021 0.255556 0.238739 0.173149
 0.464364 1.43413 0.496597 0.813313 0.27926
 0.656356 1.1048 1.2982 0.704004 0.248878
 0.873574 0.886186 1.32623 1.17768 0.222453
 0.858158 0.618519 0.53023 0.359259 0.218571
 1.102 1.06977 1.46777 0.887588 0.206972
 0.350851 0.298999 0.98989 0.404104 0.263339
 0.314414 0.988488 1.13844 0.733433 0.284482
 0.908609 0.626927 1.28278 0.866567 0.213964
 1.24635 0.674575 0.555455 1.29399 0.175424
 0.144845 0.785285 1.46356 1.01512 0.301268
 0.866567 1.18328 1.15385 0.807708 0.239807
 0.755856 0.416717 1.34444 0.914214 0.221297
 1.48599 1.48599 0.711011 1.12863 0.180446
 1.17768 0.26957 1.23233 1.36126 0.178475
 0.894595 0.541441 0.507808 0.781081 0.202584
 1.36827 0.725025 0.537237 0.888989 0.18516
 0.98008 0.918418 1.3991 0.486787 0.213678
 0.772673 1.43974 1.44114 0.221922 0.242897
 0.324224 1.0992 0.545646 1.27858 0.289974
 0.383083 1.26456 0.216316 0.566667 0.284674
 1.13844 0.561061 0.125225 1.07818 0.193429
 0.475576 0.213514 0.82032 0.178478 0.257694
 0.223323 0.437738 0.719419 1.07678 0.281656
 0.46997 0.593293 0.538639 0.213514 0.260075
 0.105606 1.07678 1.37808 1.46777 0.312857
 1.32202 1.42573 0.486787 1.00671 0.199163
 0.135035 0.48959 0.587688 0.233133 0.298756
 1.44535 1.28559 0.59049 0.376076 0.19451
 0.338238 0.472773 0.9002 1.46076 0.273519
 0.422322 1.03614 0.415315 0.32002 0.272313
 0.352252 1.13423 0.621321 0.92963 0.287212
 0.519019 1.24775 1.08098 1.0011 0.262912
 0.554054 1.4005 0.76006 0.723624 0.273573
 0.500801 1.48318 0.891792 0.418118 0.280911
 0.307407 0.987087 1.13283 1.16787 0.294906
 1.03754 1.33043 1.11602 1.12162 0.21574
 0.618519 0.858158 0.982883 0.68018 0.25605
 0.61992 0.335435 1.3024 0.231732 0.24754
 0.797898 0.177077 1.35986 0.507808 0.205381
 0.298999 1.3977 1.3038 0.338238 0.298125
 0.932432 0.867968 0.698398 0.432132 0.222634
 1.31361 1.102 0.75025 0.673173 0.194733
 1.36547 0.118218 1.30801 1.26176 0.163019
 1.30941 0.747447 1.13423 0.605906 0.181235
 0.895996 1.44114 0.481181 1.20571 0.231821
 0.3004 1.0964 0.247147 1.24775 0.286989
 1.48178 0.796496 0.503604 0.9997 0.172888
 0.646547 0.517618 0.886186 0.917017 0.234786
 0.287788 0.17007 1.44394 0.38028 0.265864
 0.695596 1.07397 0.408308 0.244344 0.259892
 0.441942 1.47057 1.35846 0.912813 0.27982
 0.597497 1.26877 0.729229 1.4005 0.257572
 0.74044 0.611511 0.617117 0.54985 0.227679
 1.45375 1.38789 0.321421 0.516216 0.192726
 0.26957 1.17628 0.24995 1.2043 0.301565
 0.369069 0.475576 0.716617 1.42853 0.27077
 0.524625 0.783884 0.18969 0.364865 0.272665
 0.985686 0.513413 0.506406 0.478378 0.207147
 0.507808 0.880581 1.42152 0.280781 0.273986
 1.00811 1.14965 0.911411 1.1048 0.216054
 1.19449 0.800701 0.293393 1.47337 0.19313
 0.81051 0.24014 0.667568 1.14685 0.210868
 0.434935 0.244344 1.16086 1.35566 0.246943
 0.855355 1.2001 1.44815 1.13564 0.230822
 0.626927 0.188288 0.877778 1.10761 0.229381
 0.374675 1.18048 0.395696 1.48178 0.286832
 0.136436 0.535836 1.06416 0.314414 0.304901
 1.37808 0.76987 0.852553 0.855355 0.176871
 0.678779 1.37387 1.42432 1.26877 0.245111
 0.289189 1.05435 1.47337 0.293393 0.298939
 1.19309 0.359259 0.52042 0.3004 0.17834
 0.647948 0.167267 1.41592 1.36687 0.224763
 0.276577 0.950651 1.35706 0.925425 0.301247
 0.705405 0.966066 1.2968 1.33744 0.23705
 0.226126 0.3004 1.08939 1.23514 0.277983
 1.21692 0.636737 0.684384 0.694194 0.188238
 0.195295 0.102803 0.139239 0.681582 0.278332
 0.577878 0.376076 0.838539 0.991291 0.242421
 0.844144 1.30521 0.38028 0.220521 0.237786
 0.280781 0.893193 1.2029 0.273774 0.296239
 0.505005 0.831532 0.953453 1.45936 0.252948
 0.725025 1.36827 0.715215 0.352252 0.242881
 0.558258 0.336837 1.10901 0.47978 0.24653
 1.42573 1.32202 1.02633 0.366266 0.194723
 0.917017 0.688589 0.734835 0.583483 0.212181
 1.41031 0.98008 0.681582 1.41311 0.182504
 1.24214 1.44254 0.219119 0.509209 0.205492
 0.387287 1.06837 0.307407 1.17347 0.280587
 1.06557 0.412513 0.273774 0.569469 0.198751
 1.38368 1.1987 1.36126 0.818919 0.187665
 0.436336 0.165866 1.40611 1.25195 0.252381
 1.33043 0.45035 1.15666 0.835736 0.174247
 1.32062 0.436336 0.813313 0.737638 0.167833
 0.41952 0.589089 1.14124 0.877778 0.266109
 1.31081 1.2982 0.405505 0.266767 0.205728
 0.963263 0.10981 0.10981 0.635335 0.192112
 1.19169 0.25976 0.544244 0.695596 0.17299
 1.18328 0.866567 0.132232 1.22533 0.195018
 1.44254 0.385886 0.439139 1.18048 0.163244
 0.952052 0.723624 1.00531 1.11461 0.207227
 0.696997 1.38929 0.394294 0.282182 0.254243
 1.27578 1.37107 0.650751 0.497998 0.196874
 1.08519 0.663363 0.964665 0.542843 0.198764
 1.11181 0.500801 1.09359 1.30521 0.187654
 1.48739 0.684384 1.49439 0.678779 0.173674
 0.474174 0.512012 1.24074 0.950651 0.260436
 0.472773 1.44675 0.342442 0.195295 0.283541
 0.495195 1.15385 0.345245 0.76006 0.268434
 0.874975 1.26176 0.154655 0.846947 0.230542
 0.659159 0.691391 0.254154 0.406907 0.254868
 0.235936 0.254154 0.968869 0.251351 0.282342
 0.653554 0.420921 0.258358 1.04174 0.23434
 0.918418 1.41031 0.83994 0.725025 0.227045
 0.950651 1.2029 0.209309 1.43554 0.217688
 0.6998 0.945045 1.31922 0.67037 0.237694
 1.15806 0.936637 0.371872 1.34725 0.200229
 0.796496 1.46496 0.420921 0.311612 0.244725
 0.803503 0.132232 0.866567 0.256957 0.226898
 0.528829 1.25616 1.28138 1.36967 0.262104
 1.11882 1.49159 0.133634 0.827327 0.2157
 0.795095 0.97027 0.164464 0.636737 0.233489
 0.128028 0.478378 1.42012 0.513413 0.288683
 1.36266 1.29119 1.0964 1.05856 0.194901
 0.964665 0.346647 1.23373 0.261161 0.196186
 0.739039 0.730631 0.704004 1.2982 0.228441
 0.185485 1.39069 0.862362 1.34585 0.31018
 0.512012 0.817517 0.308809 1.34164 0.258823
 0.778278 0.631131 0.748849 1.22112 0.224061
 1.13283 1.07958 0.175676 1.27017 0.205249
 1.07538 0.322823 1.24214 1.08519 0.191421
 0.367668 1.25195 0.16026 0.747447 0.29791
 1.31642 1.13564 1.22533 0.828729 0.189907
 0.45035 1.35846 0.304605 1.19309 0.287661
 0.883383 1.4047 0.314414 0.938038 0.235889
 1.5 0.282182 0.624124 0.939439 0.155467
 0.284985 0.37047 0.68018 0.982883 0.279045
 0.718018 1.26597 0.607307 1.44675 0.24271
 1.49159 1.31922 0.3999 0.732032 0.17935
 0.388689 0.377477 0.356456 0.401301 0.271181
 0.713814 0.273774 0.804905 0.884785 0.225374
 0.516216 0.446146 0.828729 0.455956 0.259223
 0.817517 0.474174 1.16787 0.844144 0.210861
 1.35706 0.596096 0.252753 1.15385 0.172724
 0.698398 0.89039 1.23514 0.881982 0.240019
 0.744645 0.258358 1.0011 1.08098 0.212099
 0.741842 0.755856 1.38088 0.845546 0.230935
 0.426527 0.905806 1.47197 1.28559 0.273659
 0.381682 0.338238 1.40891 1.18188 0.25733
 1.4986 1.25335 0.497998 0.202302 0.192035
 0.84975 0.827327 0.579279 1.33043 0.221995
 0.98989 0.357858 0.668969 0.135035 0.206115
 0.974474 1.42713 0.32983 0.765666 0.224001
 0.101401 0.476977 1.05015 0.265365 0.29894
 0.102803 0.841341 0.283584 0.97027 0.302269
 0.24995 1.16366 1.4033 0.841341 0.297892
 1.15526 0.53023 1.10761 1.14124 0.183061
 0.523223 0.203704 0.6998 0.137838 0.252916
 0.666166 0.802102 1.20991 0.626927 0.235372
 1.07678 1.08378 1.05716 0.279379 0.208871
 0.851151 1.31221 0.664765 0.517618 0.234447
 0.377477 1.33744 1.12442 0.594695 0.280706
 1.2996 0.838539 1.33604 1.05716 0.179528
 1.12442 0.842743 1.31501 0.210711 0.207722
 0.688589 0.968869 0.691391 0.168669 0.258579
 0.227528 0.640941 0.397097 0.799299 0.288065
 0.214915 0.219119 1.44254 1.26456 0.278705
 0.313013 1.35285 1.01652 0.193894 0.299815
 0.988488 0.112613 1.15946 1.02913 0.188382
 0.385886 1.24214 1.4986 1.32062 0.285841
 0.384484 1.16226 0.9997 0.63954 0.284556
 0.213514 0.369069 0.712412 1.37247 0.272563
 1.41451 1.28138 1.25616 0.823123 0.180592
 1.22533 1.12162 0.294795 1.11321 0.193593
 1.46216 0.852553 0.942242 0.832933 0.177878
 0.631131 0.778278 0.832933 1.16927 0.23811
 0.462963 0.671772 1.31642 0.607307 0.263186
 0.635335 1.36687 0.398498 0.898799 0.253581
 0.48959 0.135035 1.13003 0.708208 0.24569
 0.667568 0.429329 0.448949 0.121021 0.240302
 1.23093 0.96046 1.04174 1.04595 0.186072
 1.12723 1.12723 0.353654 0.561061 0.199433
 0.488188 1.22392 0.785285 0.863764 0.268309
 0.362062 0.443343 0.884785 1.20711 0.269659
 0.11962 0.975876 0.702603 1.3991 0.302604
 0.359259 1.04454 0.666166 0.91982 0.291016
 0.888989 0.917017 1.04735 1.16226 0.21829
 0.427928 1.12583 0.15045 1.48038 0.283626
 1.36687 0.635335 0.931031 0.423724 0.181672
 0.283584 0.901602 1.11181 0.519019 0.295305
 1.42432 0.116817 0.436336 1.08238 0.158887
 0.959059 0.373273 0.996897 1.04454 0.196116
 0.349449 0.143443 0.143443 0.797898 0.261732
 1.30801 0.527427 1.24915 1.01932 0.171161
 0.318619 0.562462 0.74044 1.46216 0.282649
 1.49019 1.03333 0.327027 1.47898 0.178049
 0.447548 0.451752 0.46016 0.357858 0.260667
 0.413914 0.657758 0.577878 0.796496 0.272483
 0.234535 0.444745 1.1987 0.893193 0.285175
 0.394294 1.10901 0.807708 0.771271 0.28322
 0.940841 0.825926 0.701201 1.15105 0.210429
 0.552653 1.01932 0.811912 1.08799 0.257813
 1.23514 0.538639 0.792292 1.24915 0.18587
 0.53023 1.43273 0.705405 0.768468 0.271256
 1.03614 0.422322 1.17207 1.11041 0.190907
 1.04735 0.191091 0.932432 0.883383 0.185628
 0.996897 0.887588 1.20711 0.558258 0.213517
 0.175676 1.42012 0.200901 0.472773 0.315206
 1.0978 0.418118 1.28979 0.998298 0.187192
 0.402703 1.41171 0.129429 1.23794 0.29561
 0.52042 0.91982 0.207908 0.547047 0.263355
 1.10901 0.394294 1.27017 0.175676 0.187096
 0.255556 0.642342 0.618519 0.373273 0.292454
 1.20571 0.425125 0.806306 0.722222 0.182904
 0.848348 0.397097 1.33183 1.05295 0.205662
 0.893193 1.01091 1.08238 1.22392 0.217256
 0.933834 0.813313 0.708208 1.03754 0.207577
 0.538639 0.348048 0.91001 1.36547 0.244631
 0.704004 0.68018 1.06697 0.612913 0.238365
 0.290591 1.15946 0.112613 0.598899 0.299021
 0.332633 1.17347 0.185485 0.23033 0.297435
 1.24074 1.1034 0.713814 0.562462 0.200211
 1.32903 0.792292 0.593293 1.32342 0.180756
 1.25896 1.01512 1.32482 1.13704 0.190953
 0.897397 0.16026 0.149049 1.14965 0.204286
 1.16787 0.485385 0.83013 0.413914 0.191794
 0.517618 0.661962 0.231732 1.3024 0.263751
 0.282182 0.995495 1.24494 1.47057 0.298346
 1.03473 0.206507 1.11461 1.00531 0.181263
 0.928228 1.18468 0.290591 0.751652 0.229321
 0.935235 0.61992 0.796496 0.577878 0.208789
 1.47337 1.01792 0.381682 0.743243 0.179421
 0.685786 0.587688 0.404104 0.654955 0.237454
 0.448949 0.633934 0.657758 1.28138 0.267953
 0.586286 0.265365 0.573674 1.22953 0.230254
 0.633934 0.448949 0.429329 0.793694 0.236568
 0.716617 0.92963 0.842743 0.905806 0.232954
 0.526026 1.38088 1.34585 1.3977 0.273421
 0.621321 1.48879 1.43554 1.25896 0.253428
 0.783884 0.701201 0.825926 0.580681 0.229352
 0.206507 1.03473 0.177077 0.342442 0.304826
 0.584885 1.03754 0.128028 0.254154 0.262234
 0.444745 0.961862 0.771271 0.252753 0.271869
 1.05435 0.247147 0.959059 0.308809 0.193345
 1.05996 1.02633 0.737638 0.496597 0.217367
 0.813313 0.458759 1.13984 0.946446 0.212689
 1.33183 1.3024 0.366266 0.146246 0.193324
 0.860961 0.3999 1.48178 0.563864 0.210584
 1.43133 1.10621 0.40971 0.483984 0.185728
 0.734835 0.904404 0.467167 1.23233 0.236229
 1.42853 0.681582 0.98008 0.936637 0.176603
 0.802102 0.666166 0.31021 0.869369 0.225706
 0.733433 0.576476 0.440541 0.762863 0.230263
 0.823123 0.687187 0.195295 0.177077 0.225966
 1.02913 1.3963 0.855355 0.107007 0.234179
 1.34865 1.04595 0.563864 0.395696 0.191832
 0.76987 1.37808 1.07678 0.411111 0.247506
 1.48318 0.395696 0.888989 0.537237 0.175273
 0.308809 0.719419 0.437738 0.940841 0.290235
 1.04875 0.217718 1.00811 0.96046 0.19017
 0.551251 0.366266 0.335435 0.579279 0.247743
 0.880581 0.821722 0.673173 0.75025 0.211266
 0.841341 1.28278 0.374675 1.0978 0.229963
 1.28278 0.334034 0.776877 1.23373 0.173168
 0.122422 0.572272 0.387287 1.07958 0.295893
 1.33323 1.40751 0.656356 0.165866 0.198431
 1.00531 0.715215 0.677377 0.956256 0.200501
 0.903003 0.873574 0.816116 1.3038 0.221223
 1.1034 1.24074 0.512012 0.814715 0.207607
 0.821722 1.4033 1.16366 1.18889 0.23347
 1.46356 0.877778 0.188288 1.38228 0.175479
 0.432132 0.753053 0.694194 0.306006 0.276705
 0.660561 0.186887 0.39009 0.582082 0.227007
 1.09219 0.163063 0.915616 0.621321 0.18571
 0.334034 0.949249 0.360661 0.706807 0.291098
 1.25195 1.46637 0.781081 1.23093 0.20001
 0.129429 0.656356 1.40751 1.12022 0.30176
 0.328428 1.23373 0.471371 1.13423 0.28544
 1.22953 0.241542 1.46216 0.720821 0.176105
 1.12162 0.184084 0.468569 1.47197 0.184404
 1.36126 0.383083 0.746046 0.653554 0.170918
 0.925425 0.261161 1.35566 0.974474 0.193615
 1.15666 0.9997 1.16226 0.870771 0.200393
 1.28559 0.526026 0.565265 1.45375 0.174896
 1.0964 0.226126 0.928228 0.70961 0.185208
 0.483984 0.54985 1.47057 1.46917 0.261402
 1.18889 0.391491 1.37948 0.867968 0.185385
 0.345245 0.789489 0.62973 1.04314 0.28589
 0.108408 0.325626 1.34304 1.01231 0.288464
 0.790891 0.894595 0.192492 1.102 0.222185
 1.43694 0.548448 0.765666 0.739039 0.168468
 0.336837 0.558258 1.01371 0.277978 0.275891
 1.31501 0.23033 0.870771 0.527427 0.164862
 1.22673 0.101401 1.11321 1.21271 0.164905
 0.643744 0.77968 0.193894 0.727828 0.256264
 0.692793 0.6003 1.05856 1.0964 0.237328
 0.114014 1.48178 0.945045 0.158859 0.317642
 1.13423 0.352252 1.28418 0.163063 0.198488
 0.911411 0.349449 1.07538 0.963263 0.202453
 0.191091 1.47758 1.36406 1.28418 0.306205
 1.44675 1.14545 0.879179 0.26957 0.191415
 0.62973 0.573674 0.837137 0.838539 0.235829
 0.39009 0.182683 0.635335 0.10981 0.26478
 0.617117 0.317217 1.48038 0.570871 0.230683
 1.16226 0.603103 1.26456 1.48458 0.184198
 1.02633 0.708208 1.46917 0.903003 0.204459
 1.12583 0.427928 1.27578 0.327027 0.190092
 0.876376 0.720821 1.15105 1.41171 0.212467
 0.486787 0.104204 1.23794 0.129429 0.249952
 1.26316 0.209309 0.893193 0.198098 0.179482
 0.589089 0.41952 0.318619 0.430731 0.244674
 1.42152 1.18889 1.15526 0.538639 0.187599
 0.862362 0.764264 0.418118 0.891792 0.218945
 0.116817 1.46917 0.433534 0.957658 0.312691
 0.237337 0.828729 0.446146 1.06136 0.292992
 0.915616 0.304605 0.54985 0.315816 0.21049
 1.22392 0.405505 0.933834 1.01652 0.185206
 0.397097 0.848348 0.917017 0.994094 0.275773
 0.172873 0.434935 0.661962 1.5 0.286076
 0.193894 0.806306 0.425125 1.24635 0.296736
 0.327027 0.711011 1.48599 0.111211 0.276786
 1.14965 1.00811 1.05996 0.289189 0.194706
 0.503604 0.392893 0.513413 1.42012 0.244043
 0.167267 0.647948 0.279379 1.33604 0.295169
 0.966066 0.705405 1.21972 0.895996 0.210191
 0.727828 0.580681 1.02212 1.34024 0.226464
 0.835736 0.645145 1.00671 0.702603 0.222549
 0.715215 1.34865 1.48879 0.521822 0.246209
 0.306006 1.34585 0.755856 0.115415 0.303769
 0.461562 0.332633 1.42993 0.191091 0.266821
 0.782482 0.38028 1.30521 1.24354 0.217154
 0.68018 0.704004 0.730631 0.54004 0.238969
 0.921221 0.468569 1.1973 0.865165 0.203513
 1.17067 0.632533 0.26957 0.879179 0.199363
 0.541441 1.09499 0.505005 0.782482 0.261382
 0.177077 0.797898 1.21552 1.07257 0.290015
 1.48038 1.0039 1.28559 1.04875 0.174466
 0.834334 1.38509 0.500801 0.334034 0.242499
 0.104204 0.6998 0.203704 0.17007 0.308126
 1.43974 0.447548 0.952052 0.668969 0.175374
 0.137838 1.22252 0.736236 1.04034 0.318994
 0.615716 0.374675 0.465766 1.44815 0.229163
 0.77968 1.28418 0.352252 0.853954 0.239696
 1.35986 0.507808 0.331231 0.622723 0.173962
 0.497998 0.649349 1.36967 0.786687 0.253348
 1.06416 1.04875 0.85956 0.824525 0.210777
 0.870771 1.41872 1.2954 1.44955 0.232875
 0.15045 0.845546 1.23654 1.21832 0.298371
 0.258358 0.744645 0.803503 0.348048 0.287407
 1.46777 1.40891 0.338238 1.01091 0.195571
 0.356456 1.02352 0.277978 1.01371 0.285998
 1.09499 0.303203 0.726426 1.15245 0.188922
 1.39069 1.05015 1.2015 1.47618 0.18244
 0.968869 0.888989 0.569469 0.161662 0.225695
 0.905806 1.27017 1.38929 1.27157 0.223355
 0.891792 0.289189 0.430731 0.461562 0.206963
 1.44815 0.601702 0.688589 1.12583 0.171395
 0.563864 1.18609 0.531632 0.932432 0.263291
 1.3038 1.36967 1.44535 1.4972 0.194194
 0.907207 1.01652 0.324224 0.384484 0.220184
 1.08939 0.262563 0.883383 0.531632 0.185657
 0.440541 1.301 0.388689 1.12723 0.285449
 1.41171 1.22813 0.897397 0.446146 0.190994
 1.14825 0.928228 0.226126 0.81051 0.197639
 1.37387 0.678779 1.10621 1.27297 0.175436
 0.429329 1.19449 0.566667 0.216316 0.284568
 0.9997 1.15666 0.45035 0.6003 0.220916
 1.1987 1.32623 0.517618 0.664765 0.20103
 0.720821 1.33604 0.376076 0.59049 0.247369
 0.454555 1.06136 0.863764 0.821722 0.269013
 0.887588 0.996897 0.423724 0.303203 0.230684
 0.252753 1.08939 0.3004 1.11742 0.304946
 0.38028 0.263964 0.514815 1.25475 0.257484
 1.28138 0.555455 0.768468 0.270971 0.185213
 0.827327 0.84975 0.455956 0.132232 0.228138
 0.112613 0.534434 0.938038 0.474174 0.293278
 1.35145 1.13704 0.741842 1.2954 0.184312
 0.954855 0.502202 1.30661 1.19449 0.20057
 1.301 0.957658 0.732032 0.391491 0.186653
 0.216316 1.26316 0.516216 0.123824 0.317061
 1.18188 0.922623 1.4005 0.729229 0.192712
 0.594695 1.14685 0.343844 0.457357 0.260744
 1.2968 0.776877 0.334034 1.39349 0.180462
 0.261161 1.17487 0.41952 0.966066 0.299822
 1.46637 0.765666 0.548448 0.188288 0.176425
 0.139239 0.659159 0.984284 1.37528 0.30718
 0.210711 1.25055 0.17988 0.196697 0.308094
 0.786687 0.280781 0.122422 0.425125 0.217728
 1.21552 0.696997 0.266767 0.405505 0.1907
 1.06697 0.788088 1.04314 0.62973 0.202423
 0.437738 1.34024 0.161662 0.157457 0.293765
 0.570871 1.25896 1.32903 0.317217 0.267582
 1.21271 1.36547 1.5 0.661962 0.202091
 0.799299 0.577878 0.633934 0.981481 0.227905
 0.957658 0.440541 0.823123 1.25616 0.200105
 1.05576 0.650751 1.3963 0.209309 0.202811
 1.07397 0.695596 0.946446 1.13984 0.198809
 0.825926 1.15105 0.720821 0.74044 0.236217
 0.151852 0.915616 1.08378 1.05155 0.296533
 0.405505 1.11041 0.157457 1.2029 0.274914
 0.3999 0.275175 0.628328 0.149049 0.266305
 0.542843 0.556857 0.552653 0.611511 0.243083
 0.804905 0.912813 1.12583 0.783884 0.23262
 1.24775 0.519019 1.38228 0.548448 0.191843
 0.587688 0.685786 0.605906 0.76987 0.258056
 0.401301 0.255556 0.824525 0.85956 0.255622
 0.415315 1.41732 1.05155 0.774074 0.283191
 1.05856 0.441942 0.490991 0.967467 0.190205
 1.15946 0.290591 1.18468 0.101401 0.190247
 1.17487 0.925425 0.315816 0.617117 0.195121
 0.322823 0.408308 1.07397 0.555455 0.272596
 0.16026 1.0025 0.659159 1.13143 0.310221
 1.19029 0.793694 0.992693 1.05015 0.190977
 0.265365 0.586286 0.643744 0.11962 0.291462
 1.40611 0.343844 0.291992 1.26597 0.160943
 0.852553 0.378879 0.692793 0.287788 0.21795
 0.977277 0.212112 1.22673 1.38789 0.194874
 1.37948 0.853954 0.174274 0.942242 0.179187
 0.125225 1.06276 0.786687 0.657758 0.303897
 0.845546 0.15045 0.912813 1.35846 0.20384
 1.14685 0.198098 0.977277 1.43974 0.181806
 0.792292 1.32903 0.846947 0.453153 0.245157
 0.171471 0.270971 0.81051 0.523223 0.281336
 1.01932 0.931031 0.182683 0.772673 0.205215
 0.83013 1.15245 0.33964 1.03614 0.228267
 0.947848 0.933834 1.12863 0.711011 0.222658
 0.186887 0.732032 0.957658 0.433534 0.301879
 0.708208 1.05996 0.554054 0.444745 0.248742
 0.513413 0.985686 0.874975 0.237337 0.269799
 0.746046 0.942242 0.76987 0.471371 0.234134
 0.534434 0.314414 1.4047 0.650751 0.248575
 1.22252 0.63954 0.23033 0.185485 0.191439
 1.17347 1.35425 0.96046 0.336837 0.207086
 0.378879 0.998298 0.24014 0.206507 0.293765
 0.346647 0.964665 0.663363 1.0039 0.281935
 0.59049 0.268168 0.509209 0.219119 0.242609
 1.23233 0.523223 0.646547 1.05435 0.174296
 1.45936 0.865165 0.67037 0.144845 0.180071
 0.446146 0.516216 1.26316 1.1973 0.26327
 0.192492 0.283584 0.1 1.14404 0.284314
 0.262563 1.14264 0.586286 0.200901 0.306447
 1.14264 0.252753 1.43694 0.297598 0.192949
 0.325626 1.31081 0.576476 0.349449 0.303945
 0.824525 1.41311 1.01512 0.632533 0.23668
 0.241542 0.751652 0.111211 1.48599 0.290788
 1.27858 1.24494 0.995495 0.526026 0.195585
 0.582082 0.178478 1.27157 1.38929 0.228704
 0.673173 0.54004 0.521822 1.48879 0.227544
 0.531632 0.293393 0.800701 0.652152 0.244982
 1.13564 1.31642 0.671772 1.43133 0.209696
 1.18468 1.14825 0.362062 0.112613 0.213926
 1.34725 1.12442 0.220521 1.44394 0.193413
 1.49439 0.432132 1.06276 0.114014 0.172006
 0.751652 0.70961 1.29399 0.377477 0.228348
 0.984284 0.130831 1.41732 0.9002 0.190488
 0.89039 1.36406 1.47898 0.476977 0.234552
 1.41872 1.03193 1.43273 0.698398 0.181525
 1.38228 1.07818 0.547047 0.207908 0.18822
 0.879179 1.39349 0.411111 0.427928 0.230231
 0.877778 0.757257 1.14404 0.1 0.229281
 0.961862 0.341041 0.761461 0.387287 0.205734
 0.636737 1.21692 1.06557 0.415315 0.25528
 0.423724 0.245746 1.04034 1.25055 0.247243
 0.217718 1.06416 0.535836 0.584885 0.306466
 0.668969 1.45656 0.68999 0.296196 0.252763
 0.754454 0.566667 0.954855 0.408308 0.226103
 0.496597 0.413914 0.652152 0.800701 0.259394
 0.24014 1.10761 0.642342 0.451752 0.303411
 0.67037 1.01371 0.558258 0.171471 0.249694
 0.981481 1.26737 0.895996 0.803503 0.223301
 1.27718 0.228929 0.47978 1.10901 0.171512
 1.27998 0.76006 0.922623 0.18969 0.196992
 1.01512 0.570871 0.223323 0.143443 0.201648
 1.4005 0.924024 1.19449 0.596096 0.189966
 1.13143 1.03053 1.28839 1.31361 0.202116
 0.455956 0.914214 0.881982 1.17908 0.268556
 0.61011 0.158859 0.457357 0.181281 0.230193
 0.212112 0.977277 0.198098 0.788088 0.310914
 0.732032 0.660561 0.349449 0.576476 0.238008
 0.411111 0.238739 1.45936 0.108408 0.259885
 1.01652 0.68999 1.45656 0.712412 0.199729
 1.21832 1.07538 0.660561 1.02492 0.199128
 0.107007 0.809109 1.0978 1.12302 0.303335
 0.458759 0.947848 0.205105 1.31501 0.27523
 1.07117 0.824525 0.121021 0.448949 0.204672
 0.677377 1.05155 0.130831 1.14825 0.245368
 0.355055 0.233133 1.4019 1.09359 0.258696
 0.514815 1.33463 0.956256 0.677377 0.274034
 0.279379 1.45235 1.08659 0.809109 0.305702
 1.23934 0.465766 0.626927 0.556857 0.180168
 1.43554 1.44394 0.306006 0.541441 0.191882
 1.45095 0.818919 0.144845 1.31922 0.178621
 0.967467 0.324224 0.612913 0.633934 0.195856
 0.184084 1.22533 1.41451 1.24074 0.304677
 0.556857 0.542843 1.32202 1.1006 0.253166
 1.04314 1.05295 1.14545 0.767067 0.208784
 0.809109 1.07257 1.15245 0.726426 0.231233
 1.14545 0.381682 1.25756 1.01792 0.182765
 1.29399 0.982883 1.19309 0.795095 0.186264
 1.15385 1.3991 0.918418 0.544244 0.209311
 0.535836 0.136436 0.248549 1.43413 0.234923
 1.02072 1.47197 0.153253 0.533033 0.218461
 0.992693 0.959059 1.29119 0.730631 0.218076
 0.156056 1.06697 0.37047 1.42713 0.292125
 0.154655 0.111211 0.296196 0.68999 0.292973
 0.311612 0.231732 0.434935 1.40891 0.263809
 1.21131 0.62973 0.789489 0.353654 0.187974
 0.978679 0.81051 0.851151 0.894595 0.211781
 0.831532 0.921221 0.589089 0.778278 0.228356
 1.4047 1.28839 0.533033 1.03333 0.189671
 0.395696 1.11181 0.901602 0.554054 0.284705
 0.376076 0.799299 1.11882 0.321421 0.284199
 0.219119 0.214915 0.947848 1.02773 0.283003
 1.10621 0.91001 0.991291 0.462963 0.203508
 1.11742 1.5 1.36547 0.136436 0.213908
 0.788088 1.11461 1.30941 1.27998 0.235319
 0.687187 0.638138 0.137838 0.6998 0.242382
 1.06276 0.125225 0.561061 0.789489 0.192035
 0.601702 1.44815 0.903003 0.926827 0.265539
 0.37047 1.00951 0.519019 1.11181 0.281607
 0.40971 1.47477 0.739039 0.758659 0.291087
 0.68999 0.18969 1.45796 0.736236 0.230312
 0.657758 0.545646 1.19169 0.248549 0.241235
 0.70961 1.22953 0.364865 0.597497 0.245715
 1.08098 1.01231 1.4972 0.568068 0.208118
 1.10761 1.29259 1.22112 0.608709 0.21252
 0.146246 0.406907 1.44955 0.741842 0.28693
 0.562462 0.604504 1.04875 0.468569 0.245249
 0.142042 1.44955 0.406907 0.128028 0.310703
 1.18609 0.563864 1.36266 0.385886 0.192594
 0.946446 0.771271 0.961862 0.753053 0.213715
 1.16086 0.816116 0.754454 0.235936 0.203136
 0.537237 0.39009 0.625526 1.16507 0.247423
 0.408308 1.21832 0.227528 0.369069 0.288694
 0.872172 0.153253 0.905806 0.842743 0.202417
 1.39349 1.02212 0.580681 0.284985 0.181433
 0.640941 0.493794 0.373273 0.921221 0.236284
 1.48879 0.621321 0.747447 0.624124 0.170405
 1.46076 0.175676 1.07958 0.761461 0.158049
 1.31922 1.4958 0.317217 1.35285 0.197696
 1.34024 0.675976 0.551251 0.153253 0.186463
 0.722222 1.24354 1.15806 0.646547 0.240424
 0.301802 0.499399 1.16647 0.587688 0.292129
 1.01231 0.612913 1.35285 1.32903 0.199494
 1.0039 0.363463 0.355055 0.512012 0.193857
 0.748849 1.20991 1.12022 1.40751 0.243299
 1.26597 1.02492 0.282182 0.394294 0.202074
 1.08659 0.74044 0.562462 0.713814 0.201125
 1.26176 0.575075 1.37528 0.734835 0.177148
 1.27437 0.123824 1.27718 0.834334 0.169077
 1.47197 1.02072 0.383083 1.26036 0.18599
 0.32002 0.161662 1.34024 1.02212 0.266258
 1.43413 0.464364 0.858158 1.17487 0.161614
 1.11461 0.156056 0.584885 0.535836 0.182398
 0.315816 1.48458 0.377477 1.07397 0.289647
 0.153253 1.20711 0.887588 0.245746 0.309508
 0.54985 0.483984 1.102 0.978679 0.243912
 0.247147 0.891792 0.594695 1.12442 0.289731
 0.23033 1.31501 0.92963 0.915616 0.302457
 0.828729 0.237337 1.47618 0.682983 0.204092
 0.130831 0.984284 1.28699 0.61992 0.311872
 0.9002 0.287788 0.495195 0.790891 0.201984
 0.712412 0.884785 0.443343 1.16086 0.22346
 1.45235 0.279379 0.647948 1.18468 0.154549
 1.05716 0.614314 0.534434 1.301 0.197017
 1.46917 1.42432 1.37387 0.458759 0.190767
 1.41311 1.07117 1.49159 0.987087 0.180304
 0.132232 0.82032 0.213514 1.15526 0.301677
 0.360661 1.47337 1.05435 1.15806 0.283962
 1.47618 0.531632 1.21692 1.45235 0.163805
 0.555455 1.41451 1.24635 0.122422 0.280547
 0.188288 0.908609 0.191091 1.42993 0.297482
 0.286386 0.926827 0.727828 0.933834 0.29801
 1.3963 1.02913 0.799299 0.328428 0.194837
 0.398498 0.55966 0.241542 0.89039 0.270852
 0.603103 0.384484 1.43834 1.09499 0.239221
 0.92963 0.565265 0.526026 0.48959 0.211431
 1.08238 0.654955 0.818919 0.467167 0.200921
 0.133634 1.45796 0.783884 0.688589 0.309503
 1.08799 1.24915 0.527427 1.04735 0.203282
 1.2043 0.521822 0.54004 1.31782 0.184829
 1.13704 1.35145 0.136436 0.817517 0.211942
 0.205105 1.14124 0.921221 0.482583 0.307656
 0.605906 0.953453 0.482583 0.618519 0.257499
 1.4033 1.35986 1.03473 0.184084 0.193029
 1.08378 0.105606 0.898799 0.263964 0.186099
 1.25616 0.528829 0.653554 0.746046 0.181913
 0.806306 0.971672 0.474174 1.06416 0.239637
 0.638138 0.823123 1.31081 0.499399 0.246015
 1.39489 1.13003 0.135035 0.952052 0.189475
 0.96046 0.737638 0.461562 1.45095 0.205522
 1.3024 1.33183 0.640941 0.214915 0.196166
 1.03193 0.870771 0.63954 0.503604 0.204637
 0.781081 1.16507 1.43974 0.977277 0.230117
 0.331231 1.09079 0.6003 0.322823 0.285494
 1.28979 1.04735 0.848348 0.276577 0.194742
 0.914214 0.455956 0.286386 0.25976 0.211087
 1.13984 0.673173 0.591892 0.346647 0.201439
 0.987087 0.307407 0.845546 1.17628 0.191687
 1.1048 0.129429 1.41171 0.298999 0.187541
 0.912813 0.804905 0.32002 1.06557 0.212733
 0.231732 1.42993 1.20571 1.35425 0.31882
 0.622723 0.85956 0.147648 1.33323 0.240245
 0.97027 0.795095 1.31361 1.28839 0.206383
 1.04454 1.19309 0.464364 1.46637 0.207199
 0.789489 0.345245 1.18328 0.440541 0.222087
 0.757257 1.46356 0.782482 0.505005 0.248408
 1.35285 0.313013 0.115415 0.755856 0.175888
 0.901602 0.192492 0.107007 0.852553 0.205605
 0.31021 1.11602 1.33043 0.335435 0.289578
 1.36406 0.698398 0.867968 1.17067 0.179738
 0.304605 0.151852 1.1006 1.32202 0.269078
 0.143443 0.321421 1.38789 1.22673 0.282205
 0.168669 0.956256 0.940841 0.437738 0.308521
 1.42713 0.974474 0.237337 1.29259 0.18264
 0.527427 1.30801 0.168669 0.492392 0.274454
 0.149049 1.27858 1.42573 1.02352 0.311577
 1.11602 0.31021 1.04454 0.217718 0.185329
 0.242943 1.16647 0.499399 1.31081 0.298773
 0.611511 1.08659 1.13143 0.659159 0.25216
 0.681582 1.42853 0.289189 0.716617 0.254795
 1.12022 1.20851 0.453153 0.116817 0.20691
 0.971672 0.193894 0.77968 0.589089 0.197491
 0.863764 1.2954 0.224725 1.35145 0.240186
 1.22112 0.457357 0.158859 0.968869 0.181417
 0.443343 0.140641 0.733433 1.13844 0.25023
 0.774074 0.668969 1.19029 1.41872 0.227788
 1.01091 0.786687 0.432132 1.43273 0.213146
 1.1006 0.598899 0.297598 1.43694 0.194031
 1.33463 0.514815 0.263964 0.398498 0.178475
 1.14404 0.342442 1.44675 0.615716 0.188772
 0.764264 0.862362 0.835736 1.15666 0.240595
 1.13003 0.973073 0.775475 0.488188 0.202546
 0.865165 1.45936 0.238739 0.908609 0.233169
 0.675976 0.223323 0.570871 0.15045 0.224967
 0.406907 0.591892 0.821722 0.41952 0.273356
 0.485385 0.743243 0.488188 1.1959 0.259933
 1.24915 1.08799 1.25896 1.3963 0.187711
 0.684384 1.48739 0.935235 0.454555 0.249169
 1.02212 0.879179 0.814715 0.355055 0.213113
 0.416717 1.32482 1.41311 0.907207 0.277254
 0.652152 0.940841 0.114014 0.614314 0.252547
 1.12302 0.402703 0.485385 0.475576 0.185474
 1.22813 1.37247 0.118218 1.33884 0.201574
 0.814715 0.47978 0.994094 0.886186 0.213997
 1.07257 0.107007 0.894595 0.102803 0.185922
 1.24494 0.149049 0.834334 1.27718 0.175475
 0.853954 1.37948 0.391491 0.3999 0.247439
 0.404104 1.41592 1.03894 0.500801 0.292833
 0.293393 1.47618 0.974474 0.443343 0.297122
 0.856757 0.492392 1.33323 0.147648 0.205022
 0.439139 0.694194 0.753053 1.25335 0.263103
 1.25756 1.28699 1.0025 0.283584 0.201153
 0.10981 0.963263 1.3977 0.862362 0.306689
 0.682983 1.45375 0.685786 1.44535 0.253355
 0.91982 0.869369 0.186887 1.37387 0.218538
 1.32623 1.38368 1.43413 0.61011 0.197869
 0.481181 0.251351 0.743243 1.28979 0.248701
 1.04034 0.371872 0.936637 0.924024 0.192745
 0.807708 1.21411 1.18188 0.434935 0.245168
 0.25976 1.2015 0.476977 1.27578 0.299702
 0.661962 0.646547 0.523223 0.226126 0.250932
 1.25335 1.4986 0.322823 1.22252 0.210523
 0.694194 0.439139 0.385886 0.378879 0.223481
 0.244344 0.172873 1.17768 1.32623 0.273195
 0.6003 0.692793 0.378879 1.36266 0.237112
 0.233133 0.75025 0.272372 0.241542 0.305048
 0.702603 0.174274 0.853954 1.38649 0.219338
 1.24354 0.248549 1.35145 0.224725 0.17901
 1.04174 1.1973 0.184084 1.03473 0.209961
 1.1973 0.943644 0.325626 0.675976 0.201178
 0.547047 0.256957 0.687187 0.811912 0.248585
 0.533033 1.17207 0.422322 0.363463 0.274884
 0.174274 0.702603 1.21271 0.294795 0.302732
 1.23794 0.356456 1.48458 1.44254 0.171472
 0.768468 0.291992 1.26036 0.383083 0.223699
 0.373273 0.992693 0.793694 0.429329 0.29026
 0.251351 0.481181 1.16507 0.625526 0.290752
 1.47057 1.05856 1.09079 1.06977 0.185818
 0.811912 0.294795 0.221922 1.44114 0.215637
 0.881982 0.583483 1.01231 0.575075 0.220081
 0.579279 1.37668 0.462963 0.837137 0.265262
 1.25055 0.210711 1.03333 0.551251 0.18063
 0.335435 0.935235 0.91982 0.666166 0.279555
 0.321421 0.911411 1.14965 0.628328 0.279905
 0.178478 0.582082 1.27998 1.27437 0.284641
 0.931031 0.552653 1.12302 0.971672 0.211708
 0.75025 0.355055 0.363463 0.422322 0.224777
 0.604504 0.846947 1.08799 0.167267 0.257664
 1.35846 0.628328 0.235936 0.754454 0.18326
 1.09359 1.48038 1.4958 0.192492 0.213846
 1.27297 1.2996 1.23093 1.35986 0.193145
 0.838539 1.27297 1.39489 0.804905 0.226855
 0.509209 0.1 0.682983 1.2015 0.244828
 0.17988 0.32002 0.412513 0.858158 0.28564
 1.26036 0.266767 0.774074 1.08378 0.174369
 1.07818 1.38228 1.00951 1.18609 0.211892
 0.654955 1.08238 1.01091 0.126627 0.258692
 1.37668 0.758659 1.17908 1.45516 0.179023
 1.16507 1.19029 0.357858 0.46016 0.208063
 0.342442 1.38649 0.772673 1.09219 0.291326
 0.91001 0.59049 1.0039 0.663363 0.207298
 0.140641 0.362062 0.510611 1.05576 0.292591
 1.21972 0.768468 0.674575 0.371872 0.194928
 0.83994 1.37528 0.575075 1.34304 0.229087
 0.544244 0.164464 0.97027 1.23934 0.245147
 0.478378 0.471371 0.767067 1.14545 0.250249
 1.33744 1.03894 0.167267 0.687187 0.194444
 1.33884 1.15806 1.24354 1.4019 0.180254
 0.625526 0.533033 1.03053 0.53023 0.239965
 1.25475 1.15526 1.18889 0.341041 0.198949
 0.846947 0.318619 1.17487 0.412513 0.209868
 1.2954 0.863764 1.06136 0.897397 0.182171
 0.348048 1.23514 1.21131 0.439139 0.288004
 0.922623 1.18188 1.21411 0.744645 0.228978
 1.18048 0.837137 0.265365 0.992693 0.188186
 1.35566 0.729229 1.26877 1.42432 0.180002
 0.545646 0.496597 1.38368 0.806306 0.248135
 0.357858 0.98989 0.298999 1.39209 0.278246
 1.17207 0.625526 0.869369 0.416717 0.18743
 1.14124 0.205105 1.49299 1.37107 0.188504
 1.27157 0.506406 0.392893 0.764264 0.18126
 0.198098 0.594695 1.48318 0.973073 0.284599
 1.12863 0.495195 0.287788 0.692793 0.192984
 1.41732 0.415315 1.03614 1.31221 0.166792
 0.569469 0.199499 1.02352 1.42573 0.229669
 0.220521 1.0011 0.61011 1.19169 0.30492
 0.490991 0.939439 0.967467 0.490991 0.273536
 0.663363 0.126627 1.17067 0.172873 0.227399
 0.228929 1.34304 0.943644 1.34865 0.298152
 1.32482 0.741842 1.1959 0.775475 0.186053
 0.493794 0.227528 1.21832 1.23654 0.233115
 1.38789 0.682983 0.841341 0.441942 0.181864
 0.886186 0.903003 0.718018 0.872172 0.216463
 1.21411 0.807708 0.336837 1.00811 0.194022
 1.0011 1.39209 1.11742 1.33463 0.221427
 1.36967 1.3038 0.963263 1.07538 0.187609
 1.34585 0.306006 1.34725 1.46496 0.166968
 0.771271 0.946446 0.695596 0.918418 0.22567
 0.248549 0.722222 1.09219 0.247147 0.292104
 0.598899 1.1006 0.151852 0.638138 0.262764
 0.608709 0.490991 0.441942 1.4033 0.235415
 0.842743 1.34725 0.17007 0.203704 0.240738
 0.256957 0.547047 1.07818 0.125225 0.298855
 0.203704 1.23233 0.632533 1.46356 0.304424
 0.291992 1.21972 1.03193 0.262563 0.301998
 0.758659 0.579279 0.827327 0.856757 0.230202
 1.2001 1.26036 1.14685 0.667568 0.203642
 0.674575 0.221922 1.12162 0.55966 0.225683
 0.632533 1.17067 0.126627 0.816116 0.248068
 1.42012 1.46076 1.26597 0.291992 0.187626
 1.44955 0.142042 1.08519 1.24214 0.163059
 1.06977 0.202302 0.528829 0.301802 0.188437
 1.38509 0.834334 1.25195 1.40611 0.179171
 0.573674 1.21131 0.89039 0.272372 0.275121
 0.54004 1.13984 0.458759 0.186887 0.26853
 1.23373 0.328428 1.43133 1.2996 0.168899
 1.27017 0.426527 0.865165 1.26316 0.170701
 0.199499 0.569469 1.27437 1.30941 0.283967
 0.482583 0.433534 0.171471 1.39489 0.24916
 0.765666 0.367668 1.16927 0.174274 0.224647
 0.719419 0.767067 0.346647 0.591892 0.232689
 1.43273 0.297598 0.598899 0.362062 0.169258
 1.42292 1.18749 1.25335 0.961862 0.191423
 0.391491 0.353654 1.12723 0.388689 0.271071
 0.506406 1.27157 0.178478 0.82032 0.274849
 0.297598 1.25475 0.608709 0.426527 0.29014
 0.245746 1.45516 0.988488 0.84975 0.299604
 0.209309 0.216316 0.603103 1.20851 0.276069
 1.46496 0.114014 1.33463 0.52042 0.152584
 0.645145 0.835736 1.39069 1.48739 0.256351
 0.420921 0.653554 0.202302 1.4047 0.268392
 1.34444 0.876376 0.311612 0.420921 0.186434
 0.207908 1.16927 1.32342 0.593293 0.297569
 0.366266 0.551251 0.675976 1.32763 0.267068
 0.272372 1.34164 0.568068 0.268168 0.303766
 0.364865 1.08519 0.142042 1.37668 0.28616
 0.548448 1.43694 0.596096 1.30661 0.2574
 0.753053 1.49439 0.907207 0.139239 0.245964
 0.701201 1.02773 1.25475 0.514815 0.245415
 1.17628 0.624124 0.284985 0.825926 0.193189
 1.32342 0.832933 0.809109 1.08659 0.188341
 0.580681 0.727828 0.926827 1.24494 0.247772
 0.607307 1.35566 0.597497 0.922623 0.261793
 0.956256 0.168669 1.37247 1.45656 0.184776
 1.44394 0.706807 1.31221 1.35005 0.177132
 0.303203 0.790891 0.234535 1.07117 0.289763
 1.05015 1.13844 1.45516 0.757257 0.211236
 1.42993 0.311612 0.876376 0.332633 0.176588
 0.884785 0.712412 0.860961 0.367668 0.21759
 1.47898 0.171471 0.116817 0.154655 0.164019
 1.31782 1.22112 1.29259 0.874975 0.192985
 1.26877 0.157457 1.11041 1.17207 0.171729
 1.47477 0.40971 0.678779 1.22813 0.159689
 0.593293 0.46997 0.454555 0.935235 0.24838
 0.118218 1.21271 0.975876 0.573674 0.319272
 0.762863 0.482583 0.831532 0.118218 0.225446
 1.0025 0.897397 0.401301 0.447548 0.217394
 1.00951 0.284985 1.02492 0.493794 0.189882
 1.32763 0.61011 1.46496 0.674575 0.16537
 1.45796 0.133634 0.242943 0.39009 0.164191
 1.31221 0.851151 0.270971 0.705405 0.18764
 0.566667 0.733433 0.140641 1.49019 0.247896
 0.628328 0.584885 0.156056 0.572272 0.243756
 0.982883 1.29399 0.978679 1.4958 0.215917
 1.09079 0.331231 0.11962 0.643744 0.194215
 0.296196 0.46016 0.451752 0.642342 0.289716
 0.499399 0.544244 0.25976 0.286386 0.266252
 0.723624 0.952052 0.447548 0.356456 0.240752
 1.4958 1.11882 1.02913 1.15946 0.180412
 1.20851 1.12022 0.802102 0.227528 0.20307
 0.294795 0.811912 1.38649 0.715215 0.28942
 0.837137 0.736236 1.22252 0.45035 0.220452
 0.111211 0.83994 1.41031 0.212112 0.30039
 1.3991 1.12863 1.1048 0.911411 0.190798
 1.06837 0.387287 0.572272 0.156056 0.202021
 0.82032 0.803503 0.744645 1.21411 0.213595
 0.926827 0.115415 0.313013 0.140641 0.205909
 0.457357 1.31782 1.33884 0.831532 0.272999
 0.492392 0.856757 0.181281 0.83013 0.261701
 1.29119 1.36266 0.123824 1.11882 0.198876
 0.263964 0.782482 1.22392 0.436336 0.289838
 0.998298 1.46216 0.55966 1.11602 0.226192
 0.161662 0.17988 1.25055 1.45796 0.273815
 0.729229 0.607307 1.46076 1.41732 0.221443
 0.596096 1.43834 0.384484 0.656356 0.275357
 0.317217 1.4019 0.233133 1.16647 0.294181
 1.15105 0.652152 0.301802 0.528829 0.188997
 1.03894 0.726426 0.303203 0.931031 0.204193
 0.121021 1.30661 0.502202 0.83994 0.306224
 1.26456 1.36126 0.444745 0.901602 0.204604
 0.898799 0.147648 0.604504 0.485385 0.198547
 1.45656 0.774074 0.696997 1.42292 0.176151
 0.942242 0.746046 1.05576 0.510611 0.206598
 1.44114 0.32983 1.42713 0.37047 0.163481
 0.816116 1.16086 0.244344 0.985686 0.228355
 1.4972 0.509209 0.268168 0.685786 0.170627
 1.03053 0.224725 0.146246 1.02633 0.188646
 0.726426 0.388689 0.987087 1.49159 0.2195
 0.743243 1.16787 0.872172 0.718018 0.242671
 0.591892 0.146246 1.41872 1.19029 0.22889
 0.163063 1.09219 0.722222 1.38368 0.299122
 0.202302 1.31361 0.795095 0.304605 0.312419
 0.371872 1.04034 0.245746 1.37808 0.276607
 0.430731 0.200901 0.478378 1.2001 0.256518
 1.28699 1.25756 1.01792 1.25756 0.193269
 0.671772 0.196697 0.844144 1.13283 0.224809
 1.30521 0.844144 0.196697 0.104204 0.199896
 0.502202 0.954855 0.924024 0.164464 0.267965
 0.353654 1.42152 1.35005 0.33964 0.300279
 0.565265 0.716617 0.475576 0.604504 0.264494
 0.736236 0.615716 0.206507 1.0992 0.234282
 0.939439 0.608709 1.02773 0.947848 0.207968
 0.583483 0.881982 0.904404 0.696997 0.247562
 0.737638 1.23093 1.47477 0.880581 0.242048
 1.35425 0.461562 0.542843 0.964665 0.177265
 1.23654 1.27998 0.582082 0.242943 0.204008
 0.642342 0.401301 1.22813 1.49439 0.224876
 0.165866 1.32062 0.276577 0.848348 0.307328
 0.711011 0.327027 0.210711 0.205105 0.221439
 0.949249 0.195295 0.256957 1.35706 0.194761
 0.624124 0.677377 1.36827 1.02072 0.249239
 1.33604 1.34444 0.416717 0.31021 0.195326
 0.275175 0.860961 0.369069 0.802102 0.294429
 0.238739 1.17908 0.758659 0.32983 0.300501
 1.29259 0.978679 0.70961 0.928228 0.18796
 1.28839 0.883383 0.262563 1.03193 0.18451
 0.924024 0.554054 0.427928 0.719419 0.206464
 1.02492 0.718018 1.2001 0.506406 0.206081
 1.47758 1.28979 0.764264 0.392893 0.186289
 0.126627 0.364865 1.22953 0.975876 0.283733
 1.4019 0.617117 0.611511 0.552653 0.180627
 0.363463 1.09359 1.38509 1.28699 0.289615
 0.936637 1.33884 1.31782 1.29119 0.221342
 0.510611 1.49299 0.214915 0.640941 0.269258
 0.47978 0.814715 1.05295 1.33183 0.264079
 0.650751 1.05576 1.02072 0.275175 0.251331
 1.37247 1.11321 0.108408 0.953453 0.188916
 1.11321 1.12302 0.556857 1.20991 0.201843
 1.16647 0.242943 1.07117 0.234535 0.18235
 1.02773 0.524625 1.17628 1.38088 0.191511
 0.832933 1.32342 0.367668 0.860961 0.235322
 1.00671 1.20571 0.332633 0.876376 0.213708
 0.55966 0.398498 1.36687 1.41592 0.245
 0.867968 0.932432 0.908609 0.255556 0.230895
 1.03333 1.49019 1.33744 1.2968 0.21852
 0.943644 0.272372 0.483984 0.40971 0.209089
 1.34304 0.664765 0.706807 0.360661 0.182845
 0.706807 1.43554 1.34865 0.943644 0.248066
 0.995495 1.11742 1.39209 0.105606 0.211719
 1.39209 0.220521 1.49019 0.313013 0.168732
 1.45516 0.423724 0.493794 0.660561 0.164766
 0.254154 0.235936 0.275175 1.36827 0.271378
 1.38649 0.775475 1.23934 1.0025 0.183612
 1.17908 0.411111 1.39349 1.03894 0.181046
 1.20711 0.872172 0.971672 0.374675 0.19334
 0.747447 1.30941 0.615716 1.31642 0.234774
 1.01371 0.181281 0.856757 0.133634 0.192752
 0.869369 0.52042 0.359259 1.03053 0.209547
 1.26737 0.981481 1.42292 0.904404 0.189279
 1.40751 1.33323 0.492392 0.691391 0.188656
 0.575075 0.874975 0.985686 0.954855 0.251544
 0.425125 1.00671 0.645145 1.18749 0.274538
